0.000, 10.200
0.100, 10.200
0.200, 10.210
0.300, 10.221
0.400, 10.232
0.500, 10.243
0.600, 10.254
0.700, 10.265
0.800, 10.276
0.900, 10.287
1.000, 10.298
1.100, 10.310
1.200, 10.322
1.300, 10.344
1.400, 10.366
1.500, 10.389
1.600, 10.412
1.700, 10.435
1.800, 10.458
1.900, 10.482
2.000, 10.506
2.100, 10.530
2.200, 10.554
2.300, 10.579
2.400, 10.614
2.500, 10.650
2.600, 10.686
2.700, 10.723
2.800, 10.759
2.900, 10.797
3.000, 10.834
3.100, 10.872
3.200, 10.911
3.300, 10.949
3.400, 10.988
3.500, 11.038
3.600, 11.089
3.700, 11.140
3.800, 11.192
3.900, 11.244
4.000, 11.296
4.100, 11.350
4.200, 11.403
4.300, 11.458
4.400, 11.512
4.500, 11.568
4.600, 11.634
4.700, 11.701
4.800, 11.769
4.900, 11.837
5.000, 11.907
5.100, 11.977
5.200, 12.047
5.300, 12.118
5.400, 12.190
5.500, 12.263
5.600, 12.337
5.700, 12.421
5.800, 12.507
5.900, 12.594
6.000, 12.681
6.100, 12.769
6.200, 12.858
6.300, 12.948
6.400, 13.039
6.500, 13.131
6.600, 13.224
6.700, 13.318
6.800, 13.423
6.900, 13.529
7.000, 13.637
7.100, 13.745
7.200, 13.855
7.300, 13.965
7.400, 14.077
7.500, 14.190
7.600, 14.304
7.700, 14.419
7.800, 14.536
7.900, 14.664
8.000, 14.793
8.100, 14.924
8.200, 15.056
8.300, 15.189
8.400, 15.324
8.500, 15.460
8.600, 15.597
8.700, 15.736
8.800, 15.877
8.900, 16.018
9.000, 16.172
9.100, 16.327
9.200, 16.484
9.300, 16.642
9.400, 16.802
9.500, 16.964
9.600, 17.127
9.700, 17.292
9.800, 17.458
9.900, 17.626
10.000, 17.796
10.100, 17.979
10.200, 18.162
10.300, 18.348
10.400, 18.536
10.500, 18.726
10.600, 18.917
10.700, 19.111
10.800, 19.306
10.900, 19.504
11.000, 19.703
11.100, 19.905
11.200, 20.108
11.300, 20.314
11.400, 20.521
11.500, 20.731
11.600, 20.943
11.700, 21.157
11.800, 21.373
11.900, 21.592
12.000, 21.812
12.100, 22.035
12.200, 22.260
12.300, 22.488
12.400, 22.717
12.500, 22.949
12.600, 23.184
12.700, 23.421
12.800, 23.660
12.900, 23.901
13.000, 24.145
13.100, 24.392
13.200, 24.641
13.300, 24.892
13.400, 25.146
13.500, 25.403
13.600, 25.662
13.700, 25.924
13.800, 26.189
13.900, 26.456
14.000, 26.726
14.100, 26.998
14.200, 27.274
14.300, 27.552
14.400, 27.833
14.500, 28.116
14.600, 28.403
14.700, 28.693
14.800, 28.985
14.900, 29.280
15.000, 29.579
15.100, 29.880
15.200, 30.185
15.300, 30.492
15.400, 30.803
15.500, 31.116
15.600, 31.433
15.700, 31.753
15.800, 32.077
15.900, 32.403
16.000, 32.733
16.100, 33.066
16.200, 33.403
16.300, 33.742
16.400, 34.086
16.500, 34.433
16.600, 34.783
16.700, 35.136
16.800, 35.494
16.900, 35.855
17.000, 36.219
17.100, 36.587
17.200, 36.959
17.300, 37.335
17.400, 37.714
17.500, 38.097
17.600, 38.484
17.700, 38.875
17.800, 39.270
17.900, 39.669
18.000, 40.072
18.100, 40.478
18.200, 40.889
18.300, 41.304
18.400, 41.723
18.500, 42.147
18.600, 42.574
18.700, 43.006
18.800, 43.442
18.900, 43.883
19.000, 44.327
19.100, 44.777
19.200, 45.231
19.300, 45.689
19.400, 46.152
19.500, 46.619
19.600, 47.091
19.700, 47.568
19.800, 48.050
19.900, 48.536
20.000, 49.028
20.100, 49.524
20.200, 50.025
20.300, 50.531
20.400, 51.042
20.500, 51.558
20.600, 52.079
20.700, 52.606
20.800, 53.137
20.900, 53.674
21.000, 54.217
21.100, 54.764
21.200, 55.317
21.300, 55.876
21.400, 56.440
21.500, 57.010
21.600, 57.585
21.700, 58.166
21.800, 58.753
21.900, 59.345
22.000, 59.944
22.100, 60.548
22.200, 61.158
22.300, 61.775
22.400, 62.397
22.500, 63.025
22.600, 63.660
22.700, 64.301
22.800, 64.948
22.900, 65.602
23.000, 66.262
23.100, 66.928
23.200, 67.602
23.300, 68.281
23.400, 68.968
23.500, 69.661
23.600, 70.361
23.700, 71.067
23.800, 71.781
23.900, 72.502
24.000, 73.229
24.100, 73.964
24.200, 74.706
24.300, 75.456
24.400, 76.212
24.500, 76.976
24.600, 77.748
24.700, 78.527
24.800, 79.313
24.900, 80.107
25.000, 80.909
25.100, 81.719
25.200, 82.537
25.300, 83.362
25.400, 84.196
25.500, 85.037
25.600, 85.887
25.700, 86.745
25.800, 87.612
25.900, 88.487
26.000, 89.370
26.100, 90.262
26.200, 91.162
26.300, 92.071
26.400, 92.989
26.500, 93.916
26.600, 94.852
26.700, 95.797
26.800, 96.750
26.900, 97.714
27.000, 98.686
27.100, 99.667
27.200, 100.659
27.300, 101.659
27.400, 102.669
27.500, 103.689
27.600, 104.719
27.700, 105.758
27.800, 106.808
27.900, 107.867
28.000, 108.937
28.100, 110.017
28.200, 111.107
28.300, 112.207
28.400, 113.318
28.500, 114.440
28.600, 115.572
28.700, 116.715
28.800, 117.869
28.900, 119.034
29.000, 120.210
29.100, 121.397
29.200, 122.595
29.300, 123.805
29.400, 125.026
29.500, 126.258
29.600, 127.502
29.700, 128.758
29.800, 130.026
29.900, 131.305
30.000, 132.597
30.100, 133.901
30.200, 135.217
30.300, 136.545
30.400, 137.886
30.500, 139.240
30.600, 140.606
30.700, 141.985
30.800, 143.376
30.900, 144.781
31.000, 146.199
31.100, 147.630
31.200, 149.074
31.300, 150.532
31.400, 152.003
31.500, 153.488
31.600, 154.986
31.700, 156.499
31.800, 158.025
31.900, 159.566
32.000, 161.121
32.100, 162.690
32.200, 164.273
32.300, 165.871
32.400, 167.484
32.500, 169.112
32.600, 170.754
32.700, 172.412
32.800, 174.085
32.900, 175.773
33.000, 177.476
33.100, 179.195
33.200, 180.930
33.300, 182.680
33.400, 184.446
33.500, 186.229
33.600, 188.027
33.700, 189.842
33.800, 191.673
33.900, 193.521
34.000, 195.385
34.100, 197.266
34.200, 199.164
34.300, 201.079
34.400, 203.012
34.500, 204.962
34.600, 206.929
34.700, 208.913
34.800, 210.916
34.900, 212.936
35.000, 214.974
35.100, 217.031
35.200, 219.105
35.300, 221.198
35.400, 223.310
35.500, 225.440
35.600, 227.590
35.700, 229.758
35.800, 231.945
35.900, 234.151
36.000, 236.377
36.100, 238.622
36.200, 240.887
36.300, 243.172
36.400, 245.477
36.500, 247.802
36.600, 250.147
36.700, 252.512
36.800, 254.898
36.900, 257.305
37.000, 259.732
37.100, 262.181
37.200, 264.650
37.300, 267.141
37.400, 269.654
37.500, 272.187
37.600, 274.743
37.700, 277.321
37.800, 279.920
37.900, 282.542
38.000, 285.186
38.100, 287.852
38.200, 290.541
38.300, 293.253
38.400, 295.988
38.500, 298.746
38.600, 301.527
38.700, 304.331
38.800, 307.160
38.900, 310.011
39.000, 312.887
39.100, 315.787
39.200, 318.711
39.300, 321.659
39.400, 324.632
39.500, 327.629
39.600, 330.651
39.700, 333.699
39.800, 336.771
39.900, 339.869
40.000, 342.992
40.100, 346.140
40.200, 349.315
40.300, 352.515
40.400, 355.742
40.500, 358.995
40.600, 362.274
40.700, 365.580
40.800, 368.912
40.900, 372.272
41.000, 375.658
41.100, 379.072
41.200, 382.513
41.300, 385.982
41.400, 389.478
41.500, 393.003
41.600, 396.555
41.700, 400.136
41.800, 403.745
41.900, 407.382
42.000, 411.048
42.100, 414.744
42.200, 418.468
42.300, 422.221
42.400, 426.004
42.500, 429.816
42.600, 433.658
42.700, 437.530
42.800, 441.432
42.900, 445.364
43.000, 449.327
43.100, 453.320
43.200, 457.344
43.300, 460.533
43.400, 463.745
43.500, 466.980
43.600, 470.236
43.700, 473.515
43.800, 476.816
43.900, 480.140
44.000, 483.487
44.100, 486.856
44.200, 490.248
44.300, 493.662
44.400, 497.013
44.500, 500.386
44.600, 503.781
44.700, 507.198
44.800, 510.638
44.900, 514.100
45.000, 517.584
45.100, 521.090
45.200, 524.619
45.300, 528.170
45.400, 531.744
45.500, 535.176
45.600, 538.629
45.700, 542.103
45.800, 545.598
45.900, 549.114
46.000, 552.579
46.100, 556.063
46.200, 559.569
46.300, 563.024
46.400, 566.499
46.500, 569.853
46.600, 572.861
46.700, 575.886
46.800, 578.928
46.900, 581.987
47.000, 585.062
47.100, 588.154
47.200, 591.190
47.300, 594.242
47.400, 597.310
47.500, 600.394
47.600, 603.495
47.700, 606.525
47.800, 609.571
47.900, 612.632
48.000, 615.708
48.100, 618.799
48.200, 621.906
48.300, 624.962
48.400, 628.033
48.500, 631.119
48.600, 634.220
48.700, 637.265
48.800, 640.238
48.900, 643.162
49.000, 646.100
49.100, 649.051
49.200, 651.956
49.300, 654.873
49.400, 657.745
49.500, 660.573
49.600, 663.242
49.700, 665.923
49.800, 668.615
49.900, 671.232
50.000, 673.790
50.100, 676.359
50.200, 678.877
50.300, 681.405
50.400, 683.942
50.500, 686.489
50.600, 689.046
50.700, 691.611
50.800, 694.186
50.900, 696.771
51.000, 699.278
51.100, 701.739
51.200, 704.208
51.300, 706.618
51.400, 709.034
51.500, 711.459
51.600, 713.890
51.700, 716.278
51.800, 718.616
51.900, 720.961
52.000, 723.263
52.100, 725.485
52.200, 727.665
52.300, 729.851
52.400, 731.900
52.500, 733.887
52.600, 735.878
52.700, 737.875
52.800, 739.876
52.900, 741.881
53.000, 743.842
53.100, 745.806
53.200, 747.633
53.300, 749.463
53.400, 751.297
53.500, 753.133
53.600, 754.973
53.700, 756.748
53.800, 758.480
53.900, 760.214
54.000, 761.951
54.100, 763.690
54.200, 765.430
54.300, 767.173
54.400, 768.875
54.500, 770.578
54.600, 772.229
54.700, 773.793
54.800, 775.318
54.900, 776.737
55.000, 778.117
55.100, 779.497
55.200, 780.879
55.300, 782.261
55.400, 783.644
55.500, 785.027
55.600, 786.411
55.700, 787.754
55.800, 789.097
55.900, 790.387
56.000, 791.678
56.100, 792.969
56.200, 794.195
56.300, 795.376
56.400, 796.518
56.500, 797.659
56.600, 798.799
56.700, 799.939
56.800, 801.041
56.900, 802.143
57.000, 803.244
57.100, 804.308
57.200, 805.336
57.300, 806.277
57.400, 807.217
57.500, 808.117
57.600, 809.017
57.700, 809.915
57.800, 810.769
57.900, 811.623
58.000, 812.475
58.100, 813.326
58.200, 814.176
58.300, 814.990
58.400, 815.802
58.500, 816.613
58.600, 817.422
58.700, 818.231
58.800, 819.038
58.900, 819.762
59.000, 820.484
59.100, 821.204
59.200, 821.855
59.300, 822.504
59.400, 823.080
59.500, 823.623
59.600, 824.165
59.700, 824.705
59.800, 825.245
59.900, 825.783
60.000, 826.320
60.100, 826.855
60.200, 827.356
60.300, 827.856
60.400, 828.355
60.500, 828.853
60.600, 829.349
60.700, 829.844
60.800, 830.337
60.900, 830.799
61.000, 831.225
61.100, 831.651
61.200, 832.075
61.300, 832.431
61.400, 832.786
61.500, 833.140
61.600, 833.465
61.700, 833.761
61.800, 834.056
61.900, 834.351
62.000, 834.644
62.100, 834.936
62.200, 835.227
62.300, 835.488
62.400, 835.748
62.500, 836.007
62.600, 836.265
62.700, 836.521
62.800, 836.777
62.900, 837.032
63.000, 837.286
63.100, 837.512
63.200, 837.737
63.300, 837.932
63.400, 838.125
63.500, 838.318
63.600, 838.509
63.700, 838.675
63.800, 838.841
63.900, 839.005
64.000, 839.145
64.100, 839.285
64.200, 839.400
64.300, 839.515
64.400, 839.630
64.500, 839.744
64.600, 839.857
64.700, 839.970
